0
0.7717958202073216
1.2677133878553404
0.025274967762567435
-1.3031532278474867
-1.0437648428432311
-1.2724277360199876
-1.8073131206230664
-1.1104792868346869
-0.9830330355878436
-1.122485588556621
-1.5913158661028493
-0.6953840378348342
-0.7167798851066332
-1.1112437365351946
-1.237481525289974
-1.2322096433433627
-0.8258135887881379
-1.2697040151032901
-1.7196574908502127
-1.3924218287428403
-1.9258326266154868
-0.7393251290142344
-1.0983902984250449
-0.31187477437220057
-0.4007687419074979
-0.9618410779082986
-1.0498388400873915
-1.405232357501529
-0.7785532043775745
0.17152962808371086
0.036191105311456084
0.04549555113722015
0.8717139919814043
-0.8758626770621336
-0.6414660382200399
-0.4654302337611438
-0.3106171759150511
0.4991381104456183
-0.44367590724275763
-0.7612075986542566
0.09884250050165022
-0.3489127007909709
-0.6908016437375042
-0.6622125129121748
0.26117496171178534
0.07929020768984163
0.270256913286282
1.8510094033966196
2.06919000089949
-0.19555289807901
0.7518455791305501
-0.9126925685739251
-0.34897544194305574
0.1077561374384528
0.26821043778870735
0.8475477688075994
1.5303442434186687
1.276390621051382
1.3565535275012586
1.1668947059622958
0.7656634403863993
0.42136531354695084
-0.18750980060743272
0.285676059203932
-0.005169100977275853
-1.4612141122785083
-2.6149612211422757
-2.59418166910812
-3.0207856561868196
-4.132486949119929
-5.502634919087712
-3.9535383745741948
-4.572021417585603
-6.222342876176256
-6.819348748553134
-5.162906966237591
-5.148034890839204
-4.222534262801336
-3.6194008709367953
-3.631120871964988
-3.2690150729292267
-2.8433206344836814
-2.3654272061978565
-3.11750740497021
-4.0230350052047665
-3.9345155132892273
-2.75330172523518
-1.5767949329655195
-1.8158284971252825
-1.4248984022972588
-0.09530941968571849
0.9375113313468297
-0.15198231063142664
0.2731942454236913
0.39169695555456574
1.7905155072194257
2.1439449323622517
2.328543770035729
2.2695327246231134
2.3272005957146957
2.3919197478146303
2.728651712756669
2.6612410162876188
3.5642120206153205
4.247563977762914
3.9588188394344526
4.715631822223365
4.518095151222257
3.682358841334965
3.7792831259046977
2.817503439223068
2.3662290089324634
1.8425097383839129
2.602295536327026
2.771369266095758
3.315807692138173
2.755866046827826
2.0242421537863597
2.899335051899987
3.0280963468905853
3.788257607887946
2.938189647253453
1.132674018724722
2.5761329400326938
3.1895342497279877
2.4703062573507184
2.2399976514053233
2.1375865985288955
3.260659495526519
3.1917230041465627
3.4412819579922482
3.280730565600254
3.1933580257565097
2.4175248862466248
2.6437894737111334
1.8635357665814034
2.2934453338353755
2.5049272496827424
3.0155996879480673
3.1145497470644434
2.442098288087835
2.6978336313498996
3.527315717751245
3.5517553146424685
3.7597529635678972
3.6924353530060294
2.6866727956974756
3.6506534694010773
1.7876815491005615
3.059147807027962
3.1220817819097135
2.3212682024555953
2.4502357224830407
2.9572868707379296
3.4925320022873185
2.9642671433212753
3.315318880774787
3.6645934904194766
4.495516461722326
4.787234490340819
5.564168972225669
5.1205319184281395
5.4411760942408405
5.527393978448658
5.940645833902991
7.028851658861024
7.478948725020862
7.842727386954107
6.9291603569760385
7.2114830091221105
6.9967743696104145
7.185820162359446
8.429913694070358
8.389232011790648
8.982141564809055
8.30925378762104
8.610709584370113
8.685307788365225
8.9002831741821
9.797010813760965
9.310410274730074
10.019977704919913
9.646783749086364
9.614160461625666
9.827729601988565
10.259934009325477
10.636267180239866
11.279806209862308
12.241570407095924
12.233853436979247
11.147489251311438
11.995903425903155
12.821155588624734
12.089427678299192
11.220211165358961
11.073348562218532
10.426844003741763
10.364602273762479
11.244085894182842
11.126894721082303
11.901738805904927
12.402113360868139
12.224619608159815
11.088801909599999
12.040854348611019
11.061655542558935
10.192891045601794
10.27781218125492
10.011879882147333
10.360686287508836
9.894585088611985
8.59245586583377
7.893960490743934
7.890022284989429
8.089962911532144
8.242284144088451
8.017821594823648
6.688250755249281
5.19705438118101
6.018992030760373
5.075279143328992
5.502798267666087
5.271775394924738
5.757698037589365
7.085752819963065
7.3091508947440875
6.938299516764235
6.272382186393322
6.054871274367968
6.547671853573034
7.801015084548313
7.967610435702421
7.557698894627163
8.582913148029458
9.505835265936181
9.322320441600773
9.749562567189907
9.530177069817224
10.297044863424487
10.3452109454921
11.072107199487435
11.13723206026702
10.999449878429601
11.63366996584594
11.540172104917069
11.348485759163584
11.702018057495112
11.037721319208703
11.273284748870882
11.409069280978867
11.052241854216916
11.433299691171905
11.727390360481248
11.102163764151719
11.13474875280458
11.17970851636545
11.403646197742745
11.692835666565248
12.070092312314639
11.798539336656377
10.168539047157154
11.487210861255171
8.959483039687965
8.971335234193445
9.515533143274514
10.429727435414504
11.942290521550735
12.73401256804425
12.81317973919769
12.743005017972543
14.219661812641537
15.645302258677862
15.060352307175705
16.316142399082835
16.553078938013787
14.909995025080459
14.676831107387178
14.945257644341314
15.7598387133286
15.789700278041874
16.930638117809615
17.55357964329225
17.858664092900867
17.746489598769255
17.923077315375902
17.472986207108534
17.045183458209667
16.73705693169221
15.559452458976741
15.98345318651484
15.223599736455572
14.838306653586919
14.97334490987161
14.423185411641427
14.344428099263883
12.715971199895225
13.367143467895914
13.076869260828538
12.538077046846684
11.882149174303391
10.23311417058812
9.45739969172108
9.968254708040035
11.9732315996127
13.626998333321993
12.88562025857123
14.212434519123484
13.435940451920558
12.637168817764199
12.185379217710079
12.487595465199286
12.89067613035284
10.742314474356363
9.83299055824971
9.547957386568795
9.947018184833922
9.978714613014517
10.268223908582108
9.982822092349641
9.324957717237092
7.86158596002795
7.965499942656962
11.106957396168315
10.460377942899356
9.716473132319026
10.710022992501834
11.524718716353433
12.59748345900855
12.010944184937443
9.230115449760135
9.968106368940322
9.248278437632717
8.421726266300201
8.739366274589244
11.226238098312646
11.499125289346
12.05965792057999
12.007986604344833
12.132546922194077
12.722729497293518
12.204053849408947
13.200854809982587
13.99809567986705
14.959026586081926
15.969112570492495
16.372382116040264
15.387121556380801
16.764630912700838
16.65124068802961
16.822273488848303
17.707625160529883
18.18992688095722
18.22429423495071
16.861966700160693
16.834510840405017
17.451849805046216
16.538237277847333
15.522313488195238
16.942132431113176
18.16815375053402
16.99491361996568
14.760066071766165
15.174806983333111
13.489142129462506
13.559268709094008
15.27083860582108
11.804616382427291
10.688350558645254
10.758132498451367
13.319208157954643
11.015699004708024
11.240738406621498
10.335869622325845
9.800361302440352
8.88431441140285
8.33078165028802
9.575486022832447
10.112442298777014
9.668687885138949
5.510564575249011
4.371178564284062
5.0797137425106165
7.320946061296252
8.626097693765589
8.412304473335386
9.278864616516302
11.17416936225155
10.008978763400854
9.42103882521077
10.50360394739811
9.403382409116201
9.596411924280911
10.38142728993332
9.290478175498462
7.223782987911331
5.999667587214974
2.985031595876042
1.1679523055905916
2.1338477400791422
0.8155610363353105
0.6860798998866935
3.2155178675151275
4.125969584581934
6.866441032477066
8.308218517698718
8.1888449922759
6.323041994098633
6.961427411518462
7.351396355789985
9.456116846089223
8.638881774268793
9.497317569105746
9.617710000111046
9.355498770744731
9.356326500904855
8.355429203908017
8.311832480806846
8.522909521782761
9.064107094241901
7.404682365781712
8.346003493297038
7.359388496122987
7.600659198851156
7.590660096984636
8.047647162134597
7.459077875555864
8.822165221183308
11.178266498284572
11.16505468393456
11.735691821402238
10.956791226376161
12.218079966426565
11.584595238525598
11.329473061205132
10.986152801412508
11.465459562224689
12.513853024164835
11.691411806998243
12.962349701070973
13.837185359457905
14.76078610953142
14.507937217654066
14.298047973945117
14.043365140995977
12.507961867723694
11.598656552972141
11.814061165526635
12.393151174302176
9.719208627470133
9.328114691190702
8.208740828099925
7.267057988044878
8.338497226049203
6.75163138404451
6.6085995303281075
8.705815525923555
8.765463421137355
9.684068871347428
10.706366422886205
7.289496106389959
7.804337357903046
5.847311187674564
5.938857183003643
6.553141140260044
5.807220754500708
4.573398546923024
4.742198200633374
3.7389092834996474
2.834624941849828
1.606012124500067
2.7520884775162013
0.47601781513770813
-1.3535534944899674
0.8394246034906905
2.508680806353447
1.456197801849335
-0.7452191783155926
-3.0186984055331934
-3.249889187180832
-3.21032161932876
-3.8147122635753594
-1.9019818452089665
-3.293511644665059
-1.2576525437561936
-0.1380855194692332
-0.87981825319009
-2.1270522394557956
-0.8738726305980826
0.8603527328974625
2.394330248598875
1.846627238669818
1.5817931261058904
4.743201463817881
3.782556630505707
3.2430888945768066
1.7059598251772945
1.0987121119258703
2.034565883512185
2.408377443135845
3.1113835138155244
2.1072837722167614
6.431945112425264
5.981972468566066
5.1904524986491785
6.110660393095135
6.69141730802485
6.17173744992805
7.243474789869286
7.825559659020587
8.59065545164459
9.24752415472836
9.445249901967024
8.35838743667976
7.489375551573185
10.129524956037761
10.322286838203333
10.433009852119124
9.329439156778596
8.814677964484119
8.76903636172357
9.41237178622496
8.768677242055523
10.451303457665206
10.984297210139072
10.772753850654592
9.16023983864951
7.672399696622301
7.270761883288279
7.325788823068069
8.777171577998487
8.01095937087748
8.53762969208729
8.896891874958502
7.691610109691993
8.817921424746622
8.240460467190625
8.379553194827993
8.722132683937156
7.42619643219149
9.428762691669501
8.682989927623396
8.930810668992063
9.297783127898507
8.934847378316736
9.052869023806176
8.84628898466675
6.435105513643746
5.360991220459832
5.98798408970409
6.07234656238087
6.90636771802462
6.078444321900545
6.284578888728376
6.299086146459731
5.441896265191892
6.447000205423237
7.049039541829627
7.692479269007291
6.771878007696941
6.72813894388582
6.939518018256963
5.955252119297727
4.982757682927175
5.924925635696887
7.320464725717746
6.770602452244723
6.729973897134922
5.416252670422361
6.320503272985856
4.894725319266935
4.697715757135623
4.209618383148106
3.5740939989854725
3.222561440362326
2.4822520865260156
1.2365210246618297
2.5057889083756058
3.4843737142389752
4.0224179930893555
2.7163465038883228
2.814816547094212
1.7712220040343896
1.2161012407073901
2.2180988891162157
3.2919678672780783
4.547935505480916
5.200315751303486
4.96830518165392
5.735299100580482
5.211439607016444
4.102700673639825
4.175261150913689
6.06179684706174
6.121898904419254
5.901296659017441
7.119332122800048
7.673356791283847
8.550653164736932
8.707062844942715
9.10835608666083
10.58528644670471
11.217177539956658
10.5869259319171
10.24099745586675
10.124176508977278
11.084450211611818
10.280633532008988
10.779036909205676
10.204058390207349
10.563510086635276
10.272956790594833
10.814969271140695
10.860275327108049
10.79107404532742
10.147743517776009
11.781410936645752
12.120867555765336
12.086063954214787
11.550350179012225
11.155777461405968
11.113465182631831
12.161149249783755
11.966223862057834
11.369190294618402
12.144725629834019
11.858982779761917
12.275980236974915
11.491530284837136
10.387940704924837
10.097059493993932
9.936778916533108
9.784276269682678
8.87459941305686
8.22567539484831
7.716299351409672
7.145656256084432
7.600721752836992
6.938869058047681
7.394427359207767
7.5715149721727215
8.650928922823997
8.647159502926293
8.132100235456651
8.338097002043643
9.216968024877614
9.164222066661964
9.283273507694002
9.433842131148129
9.89407987159292
11.425535817703114
11.606646735482684
10.670457105137455
10.91012808645091
11.440269312351848
10.401367285436415
9.923300085867703
10.512315806540995
10.100987384627347
9.85521876896156
11.261705906076202
11.436072996945178
11.76117377398047
10.988597401190958
9.23427248331501
8.735937770337854
8.977505564403753
9.78001437285596
10.389630400782291
10.584976406870528
9.420189801850999
9.698600506992005
10.602816074275268
12.007482202168607
12.939388023910192
13.106451447641533
13.5799299293335
13.276834768126022
12.143614279399584
12.899306512284525
12.290430595077396
11.558613850250143
11.420307363629934
10.48843282613583
9.23633931237835
9.84092877323297
9.92687785902655
9.786809412622155
9.540630120032434
10.105816911164812
10.000756751139782
8.986350219078766
8.762399634063067
7.957578602991577
8.264677028555866
7.496441397372622
7.503616387531276
8.253694725133531
7.507595455374494
8.376290964805499
8.447242532107534
9.092320640096707
9.115205413547244
8.635709143942183
8.194747689850734
7.491982298706601
7.071085291652035
7.510770302528225
7.863601234786155
8.942108886317435
8.390294071716454
9.050969963671962
9.905442477342197
8.814355269085405
8.799330596883937
8.3753265837357
8.15323943619175
6.949432025141489
6.833657549150307
6.64549978100224
5.084296721786163
3.116357941567127
2.268150134124469
2.109159696680152
0.5297176991023278
0.05764053659940149
0.19725654130773318
-1.0957191557116386
-0.5966016613800473
-0.24372514186177252
0.9426809070531617
1.1483115613708739
0.11086776830071532
0.5248290923842713
1.4084105642527822
1.349982775673464
0.9013550307323426
0.5515682003797817
0.007567149784071248
-0.20815131370951478
2.2388977291578627
2.6811024047759258
2.366552109613118
1.0191222430160574
2.512523127259225
3.340660751383573
4.078496546718657
5.6080158816194325
5.921332895617981
5.8981462653734384
5.9945030456476145
5.576153272810758
4.429044894412804
5.154176209474692
4.924260659432678
6.628219790376466
6.6839511469069635
6.534373275018268
6.328873363688636
6.495213503048358
6.905783888670802
7.207482830686596
7.5905512938025055
7.415153504529282
7.971328977855352
7.564077900268695
8.42983044766299
8.83183047653786
8.394063857814693
8.050799889473815
8.28051474639453
8.266694599853807
7.813015088443209
7.900256324295585
8.060737232832494
9.931962166355035
9.197969121289585
8.324784570701338
8.833291984837999
9.058030443848587
7.425387593655985
7.953290775939048
8.385129439304695
8.681180501148678
8.806544077184286
9.071931525855081
9.15137249402207
10.212225702104028
10.419369851477756
9.97330790227915
9.910826788554195
10.892638763616457
10.460025288712881
11.04636057686137
10.03262715533275
10.830521679198824
10.37058039775256
9.549565754301504
9.58259755704649
9.563955308107918
9.609951869366885
11.004531807003826
9.755404519110634
11.063784305717906
11.282005679589059
11.842558785517966
11.807253786703797
11.061920015735605
12.62520153309632
11.83307924710093
10.73284270012902
11.11909764005694
11.247859809109272
10.68257957388916
10.354389945312704
10.93378636234652
9.397466928755893
9.410711640056446
10.404390206377734
9.972765447030518
10.545642713752311
11.165975998148703
11.264346064076335
11.41076629650357
10.253277903987845
10.373166205638507
10.305265958023192
10.221511575593812
10.178857506931415
10.388592559817877
9.691988310811084
9.925454790471889
10.101110320143825
10.43142158844923
11.380873258451473
11.659232881113057
12.283461488669323
11.936660948047951
11.333880746583747
11.866195402401768
12.423505884822617
13.0050986530714
12.73287313958187
12.556713994889757
12.435438377561203
12.151076309982356
13.934681916717429
14.091053384633124
13.499027823770682
13.022130906159845
12.184519857617616
12.061165398521956
12.25636271372994
12.286684800921698
12.780038140109639
11.615992748212832
11.577710857763602
10.799091761851276
10.228447887555214
9.36442864993683
10.194374813156394
10.649778934353282
11.521060765412706
11.982905034368896
12.380917219949739
13.346741367315197
13.036714555473928
12.742424826868671
13.543560942109622
12.553443186626211
13.708450590089782
14.027665726544058
15.294505443008166
15.808072783668536
16.55437727911795
16.7970918811007
17.662275823255325
17.973725388335993
18.261062525335326
18.16876121149853
19.004072705365573
19.908671293283554
19.880003155713787
19.464477208863773
20.144917595538423
20.141903423600226
18.206256135796806
18.46992374741736
17.535647523041177
16.79499844724304
17.385632277064644
19.219806670022898
18.850938109985528
19.931115659825373
19.722916107714127
19.79270244517459
18.95410061866334
18.90706317488151
18.735450585581926
18.271646834835977
18.707404586379027
18.795369758272695
18.994672451150983
18.855440714518966
19.138996287380827
19.48233555472081
20.61965008786004
19.64907545604393
20.009895748397643
19.8549575488705
18.889780340343254
18.725991920843942
19.135120481890343
19.383167283171666
20.65464165915689
20.433140139320205
20.35192035843869
21.570681285846895
21.83973290882404
22.751438926125832
21.33537366656131
22.505449861560535
23.780773467666407
23.347539996149447
23.050205657424037
22.615606923498177
22.081463553680237
23.18923528651149
22.625520385123977
23.699543648561505
23.67492910155844
23.468310903733467
23.12269170741674
25.089102841743504
26.28315260976013
23.19372130030535
23.44744611242724
23.758613178476473
24.38610980409981
24.531570882173213
24.240068687073936
24.64527597502355
25.068362065313753
25.548070907904386
25.844064277734624
26.314332118621397
26.866694105168243
27.173966054399234
26.675230746442267
27.209344042494045
27.850898321949913
27.39277611207256
27.442949794160732
27.812913864299958
28.814167853314054
29.526148262843922
29.594071185155247
29.009975075492456
28.38156054316523
29.797673712473262
30.906114481141756
30.584806230156005
30.879238082209138
31.813137043371675
32.37972368253841
31.848836294155113
31.241768301804072
30.71247789656106
31.074791714903704
31.526029075656158
30.86492321876566
30.725653018336875
30.3627515441381
30.825920252866503
31.262200582448287
31.090534672168936
30.553227733342702
29.739807819785646
28.99497353593783
26.43839164387629
27.300360717678473
27.997159018823492
27.755658784446567
28.694331372785232
29.716402387336238
30.653674132385554
31.004687601728897
30.73351666516304
31.24769504654923
30.437178651645503
30.27125982362977
30.71250845021567
29.414550266833906
28.34718728091401
28.74271451964745
27.0124897663528
26.674148563648824
26.12094435765535
25.17673705542194
25.05799122601575
25.95966485770016
24.200873941931512
24.181926703493705
25.459360368578878
24.44849699037053
23.93645734258827
24.30491443283598
24.213806765112
24.276482701772007
25.03606188636356
25.462752795284317
25.74670565026498
26.741563471287467
27.375571846825263
28.022397575297987
29.147206056557984
29.41607020285386
29.386705587943073
28.928963400913087
28.026094862064642
27.103873905040253
27.762930959308818
26.968024164553594
26.596442268698127
26.642630033121527
25.870368916661945
26.06132904598668
25.872977279197997
24.992841022660194
25.491679495657937
23.136954461075753
22.714878896277767
23.429907024740658
23.33469803528605
24.165967050303962
24.080887962821972
23.432411737502413
22.24246511643586
22.404161049241477
21.68968501652142
21.848728164720942
20.660257819435166
20.302978265513282
20.75989733722592
18.613695032955558
18.82850256537678
19.30190784482415
19.991883221671202
21.08102574519741
21.57775711669483
21.78295067303475
21.225748701113154
21.775433632018036
22.48574054948258
25.898075912315544
24.384076284503877
24.26475008076123
24.157486055330523
23.759924200552152
23.979169782065448
23.320063722990515
24.00769652206676
24.132523036767317
23.275766852539515
24.086975359985985
25.7007822687402
25.69588618629306
26.395586436619347
24.853628401437856
25.25712072797617
26.53757650342459
26.91278696303918
28.338597174410364
28.26934953993623
29.835763344208168
28.268583355732545
27.7626701452268
29.10327963030359
30.156007435814747
28.296243038391378
28.566036596392742
28.686161619431783
30.416905433221373
30.561295982477034
27.98596815963752
25.864202895614262
25.885649641792696
26.752751313981893
27.432605293952705
26.506982277182935
26.287293099456278
26.223569650329658
26.04754225007353
25.923338801620453
24.718645826597818
25.9799129428006
27.059028950551657
26.791740193853443
28.32877079198417
27.663402422490478
27.38857250541653
28.497535795430483
22.437775932447156
20.171042423983042
18.60452635606613
23.570943727079417
23.25123555214561
25.152685113062525
27.112612244423783
26.344477220947837
24.275628470180834
26.074806952241936
24.12962812956905
26.306560096576614
25.941250232212386
25.081718942506058
24.557823028695893
24.96587637805101
25.952822640600836
26.659886190529658
26.46439311839879
27.25491240919766
26.474148851384307
26.728895226584815
27.105273970418597
26.36597421598612
26.455194732556997
26.15906578977043
24.966426435229728
24.676074231354626
27.5195591280756
28.471132117596998
28.753118687587676
28.885087851673585
27.517958032943834
26.113461742062505
26.377064707190723
27.403053961907766
26.397694208790146
27.30325387684911
28.68790030051067
28.48925240382001
28.344497844258008
27.501384548185136
27.366072394977724
27.918430417116657
27.765440566261933
28.601921536143983
27.868952823489845
28.55177500361048
27.820779612338242
27.330163763562698
25.883799869020518
25.68826823027983
25.94886774625065
27.24355579359077
27.624436557239296
26.611361990891513
26.553195665105168
27.24903116476305
27.79838851522609
29.78618923170584
29.4015309655995
29.875858642825094
29.558178600074903
28.627860464702316
28.896332857899232
29.278109573005608
28.73183592570985
28.63060284110448
27.871802739021632
29.0276365623958
30.23112542733626
30.202221011411503
30.901447216908306
32.332368836659064
31.09551607282066
31.13682074143842
31.080373058258438
29.80518415425346
30.86962893899885
29.90174049329497
29.65839625921214
30.2490342878458
31.295578591330585
30.657247732499492
31.796503967874145
33.25919479088495
33.93535286882674
34.17230466749517
34.02815194851567
34.413012362935746
33.809996793265306
34.643205192863924
34.403054913021734
35.76421627139354
35.91259059838745
35.09370251639341
35.067046600896475
33.728315082254156
33.28991316280037
33.65768937832176
32.75157518659917
33.393168387810434
33.4443667890105
33.51432981726443
33.64156763487116
33.39722149788204
32.26006725780035
32.441421880180485
31.854525781059806
33.007182478022415
33.16715810478736
32.75455963353701
31.952232238070465
32.91091022499473
31.912800815341935
32.43717192414151
32.40418523195285
32.84777097506504
33.02980578358585
32.85877830979658
33.55668922986792
33.90757496987493
34.68766080412116
35.08974504765226
34.36860873388743
35.558933380761545
35.337907862127494
36.35636368105004
35.930717955964944
35.98241853736419
35.91049275342071
35.51366570794568
37.17116418136126
37.4287411529046
37.37867553811398
38.38314452029024
39.09580415597984
38.98469703515741
38.785304937767236
37.87863851227344
38.079268696326075
38.46472908231113
37.33384151431287
35.730571744526074
35.31956464640429
35.14940358301111
34.04034475393421
34.247809321576895
34.14529770425921
33.92618374338525
34.87908581439352
34.93679400176208
36.97056330044843
36.94627267238872
